
01 01 01 07 03 00 00 0e 3b
01 01 03 07 10 00 00 5b aa a0 00 64 00 a0 00 96 00 64 00 6e 00 29

01 01 01 04 03 00 00 22 2a
01 01 03 04 24 00 00 5b 5a fe 13 50 14 2c 01 f4 01 0a 00 0a 00 12 00 1e 00 15 00 1e 00 05 00 0a 00 06 00 1e 00 00 00 01 00 32

01 01 01 03 03 01 00 14 38
01 01 03 03 16 01 00 e4 0c 00 00 2d 05 00 00 7e 04 00 00 4c 04 82 00 2d 05 00 00 8f

pv volt 0.1
charge volt 11.5 (0x73)
battery temp 5.0C (0x32)
01 01 01 00 03 00 00 1e 32
01 01 03 00 20 00 00 00 00 01 00 73 00 00 00 00 00 00 00 00 00 00 00 00 00 05 00 19 00 32 00 00 00 f1 01 40 00 3b

monthly 478.0 wh (0x01fe)
total 510.0 wh (0x01de)
01 01 01 02 03 00 00 30 1e
01 01 03 02 32 00 00 ab a5 00 00 00 00 00 00 00 00 00 00 00 00 00 00 00 00 00 00 00 00 de 01 00 00 00 00 00 00 fe 01 00 00 00 00 00 00 00 00 00 00 00 00 0a 00 01 00 e4

01 01 03 00 20 00 00 01 00 b3 00 71 00 28 00 00 00 00 00 00 00 2d 00 00 00 05 00 1c 00 28 00 00 00 f4 01 00 00 79
v_pv=17.9 v_bat=11.3 i_bat=4.0 soc=40 i_pv=0.93
01 01 03 00 20 00 00 01 00 b3 00 71 00 28 00 00 00 00 00 00 00 2d 00 00 00 05 00 1c 00 28 00 00 00 f4 01 00 00 79
v_pv=17.9 v_bat=11.3 i_bat=4.0 soc=40 i_pv=0.93





4 e c

0,4 1,4 1,2
v_pv=0.1 v_bat=10.8 i_bat=0.0 soc=15 p_bat=0 i_pv=0.00 t_bat=5 co2=503 int_temp=24
v_load=0.0 i_load=0.0 p_load=0
01 01 03 02 32 00 00 ab a5 00 00 00 00 00 00 00 00 00 00 00 00 00 00 00 00 00 00 00 00 e4 01 00 00 00 00 00 00 04 02 00 00 04 00 00 00 04 00 00 00 04 00 0a 00 01 00 cb
01 01 03 01 16 00 00 5b 4a 03 00 00 00 8e 00 8a 00 90 01 90 01 92 00 1e 00 00 00 a8
01 01 03 07 10 00 00 5b aa a0 00 64 00 a0 00 96 00 64 00 6e 00 29
01 01 03 04 24 00 00 5b 5a fe 13 ff ff ff ff ff ff ff ff ff ff ff ff ff ff ff ff ff ff ff ff ff ff ff ff 1e 00 00 00 01 00 5c
01 01 03 03 16 01 00 e4 0c 00 00 2d 05 00 00 7e 04 00 00 4c 04 82 00 2d 05 00 00 8f
01 01 03 00 20 00 00 04 00 bb 00 6d 00 08 00 00 00 00 00 00 00 08 00 00 00 05 00 18 00 14 00 00 00 f7 01 00 00 cc
4
v_pv=18.7 v_bat=10.9 i_bat=0.8 soc=20 p_bat=8 i_pv=0.00 t_bat=5 co2=503 int_temp=24
v_load=0.0 i_load=0.0 p_load=0
01 01 03 02 32 00 00 ab a5 00 00 00 00 00 00 00 00 00 00 00 00 00 00 00 00 00 00 00 00 e4 01 00 00 00 00 00 00 04 02 00 00 04 00 00 00 04 00 00 00 04 00 0a 00 01 00 cb
01 01 03 01 16 00 00 5b 4a 03 00 00 00 8e 00 8a 00 90 01 90 01 92 00 1e 00 00 00 a8
01 01 03 07 10 00 00 5b aa a0 00 64 00 a0 00 96 00 64 00 6e 00 29
01 01 03 04 24 00 00 5b 5a fe 13 ff ff ff ff ff ff ff ff ff ff ff ff ff ff ff ff ff ff ff ff ff ff ff ff 1e 00 00 00 01 00 5c
01 01 03 03 16 01 00 e4 0c 00 00 2d 05 00 00 7e 04 00 00 4c 04 82 00 2d 05 00 00 8f
01 01 03 00 20 00 00 04 00 b1 00 6e 00 16 00 00 00 00 00 00 00 18 00 00 00 23 00 18 00 19 00 00 00 f7 01 00 00 94
4
v_pv=17.7 v_bat=11.0 i_bat=2.2 soc=25 p_bat=24 i_pv=0.00 t_bat=35 co2=503 int_temp=24
v_load=0.0 i_load=0.0 p_load=0
01 01 03 02 32 00 00 ab a5 00 00 00 00 00 00 00 00 00 00 00 00 00 00 00 00 00 00 00 00 e4 01 00 00 00 00 00 00 04 02 00 00 04 00 00 00 04 00 00 00 04 00 0a 00 01 00 cb
01 01 03 01 16 00 00 5b 4a 03 00 00 00 8e 00 8a 00 90 01 90 01 92 00 1e 00 00 00 a8
01 01 03 07 10 00 00 5b aa a0 00 64 00 a0 00 96 00 64 00 6e 00 29
01 01 03 04 24 00 00 5b 5a fe 13 ff ff ff ff ff ff ff ff ff ff ff ff ff ff ff ff ff ff ff ff ff ff ff ff 1e 00 00 00 01 00 5c
01 01 03 03 16 01 00 e4 0c 00 00 2d 05 00 00 7e 04 00 00 4c 04 82 00 2d 05 00 00 8f
01 01 03 00 20 00 00 01 00 bb 00 6e 00 14 00 00 00 00 00 00 00 16 00 00 00 05 00 18 00 19 00 00 00 f7 01 00 00 af
1
v_pv=18.7 v_bat=11.0 i_bat=2.0 soc=25 p_bat=22 i_pv=0.00 t_bat=5 co2=503 int_temp=24
v_load=0.0 i_load=0.0 p_load=0
01 01 03 02 32 00 00 ab a5 00 00 00 00 00 00 00 00 00 00 00 00 00 00 00 00 00 00 00 00 e4 01 00 00 00 00 00 00 04 02 00 00 04 00 00 00 04 00 00 00 04 00 0a 00 01 00 cb
01 01 03 01 16 00 00 5b 4a 03 00 00 00 8e 00 8a 00 90 01 90 01 92 00 1e 00 00 00 a8




v_pv=0.1 v_bat=10.9 i_bat=0.0 soc=20 p_bat=0 i_pv=0.00 t_bat=5 co2=504 int_temp=24
v_load=0.0 i_load=0.0 p_load=0
0
v_pv=0.1 v_bat=10.9 i_bat=0.0 soc=20 p_bat=0 i_pv=0.00 t_bat=5 co2=504 int_temp=24
v_load=0.0 i_load=0.0 p_load=0
01 01 03 00 20 00 00 04 00 bc 00 6d 00 00 00 00 00 00 00 00 00 00 00 00 00 05 00 18 00 14 00 00 00 f8 01 00 00 da
4
v_pv=18.8 v_bat=10.9 i_bat=0.0 soc=20 p_bat=0 i_pv=0.00 t_bat=5 co2=504 int_temp=24
v_load=0.0 i_load=0.0 p_load=0
01 01 03 00 20 00 00 04 00 bb 00 6e 00 0f 00 00 00 00 00 00 00 10 00 00 00 05 00 18 00 19 00 00 00 f8 01 00 00 b6
4
v_pv=18.7 v_bat=11.0 i_bat=1.5 soc=25 p_bat=16 i_pv=0.00 t_bat=5 co2=504 int_temp=24
v_load=0.0 i_load=0.0 p_load=0
01 01 03 00 20 00 00 01 00 b0 00 6f 00 15 00 00 00 00 00 00 00 17 00 00 00 05 00 18 00 1e 00 00 00 f8 01 00 00 b1
1
v_pv=17.6 v_bat=11.1 i_bat=2.1 soc=30 p_bat=23 i_pv=0.00 t_bat=5 co2=504 int_temp=24
v_load=0.0 i_load=0.0 p_load=0
01 01 03 00 20 00 00 01 00 bb 00 6f 00 0c 00 00 00 00 00 00 00 0d 00 00 00 05 00 18 00 1e 00 00 00 f8 01 00 00 b9
1
v_pv=18.7 v_bat=11.1 i_bat=1.2 soc=30 p_bat=13 i_pv=0.00 t_bat=5 co2=504 int_temp=24
v_load=0.0 i_load=0.0 p_load=0
01 01 03 00 20 00 00 01 00 ba 00 6f 00 1a 00 00 00 00 00 00 00 1c 00 00 00 05 00 18 00 1e 00 00 00 f8 01 00 00 9d
1
v_pv=18.6 v_bat=11.1 i_bat=2.6 soc=30 p_bat=28 i_pv=0.00 t_bat=5 co2=504 int_temp=24
v_load=0.0 i_load=0.0 p_load=0
01 01 03 00 20 00 00 01 00 ba 00 70 00 15 00 00 00 00 00 00 00 17 00 00 00 05 00 19 00 23 00 00 00 f8 01 00 00 a0
1
v_pv=18.6 v_bat=11.2 i_bat=2.1 soc=35 p_bat=23 i_pv=0.00 t_bat=5 co2=504 int_temp=25
v_load=0.0 i_load=0.0 p_load=0
01 01 03 00 20 00 00 01 00 b6 00 70 00 16 00 00 00 00 00 00 00 18 00 00 00 05 00 19 00 23 00 00 00 f8 01 00 00 a2
1
v_pv=18.2 v_bat=11.2 i_bat=2.2 soc=35 p_bat=24 i_pv=0.00 t_bat=5 co2=504 int_temp=25
v_load=0.0 i_load=0.0 p_load=0

22,2W 1,3A
01 01 03 00 20 00 00 01 00 a9 00 70 00 14 00 00 00 00 00 00 00 16 00 00 00 05 00 19 00 23 00 00 00 f8 01 00 00 b3

7,1W 0,4A
01 01 03 00 20 00 00 01 00 bc 00 71 00 07 00 00 00 00 00 00 00 07 00 00 00 05 00 1a 00 28 00 00 00 f9 01 00 00 b4




